
---------------------------BFS-------------------------

1000 nodes
Average time (4 iterations) = 4 min 7.836 sec 

1 million nodes
Average time (4 iterations) = 10 min 11.44 sec 


-------------------------Dijkstra------------------------


1000 nodes
Average time (4 iterations) = 3 min 5.655 sec 

1 million nodes
Average time (4 iterations) = 11 min 0.05 sec 


--------------------------PageRank--------------------------


1000 nodes
Average time (4 iterations) = 5 min 12.111 sec 

1 million nodes
Average time (4 iterations) = 16 min 8.652 sec 


-------------------------------------------------------------

-------------------------------------------------------
|BFS performed on data set with 1000 nodes             |
|Time taken, %CPU used and % memory used are shown     |
-------------------------------------------------------

time 4m7.836s 
interval 2 sec, 1 process

column 1 -- Time elapsed in seconds
column 2 -- %CPU used
column 3 -- %memory used
  
     1	0.0 3.6
     3	3.0 3.6
     5	1.5 3.6
     7	1.0 3.6
     9	1.0 3.6
    11	0.5 3.6
    13	1.0 3.6
    15	0.5 3.6
    17	1.0 3.6
    19	1.5 3.6
    21	1.0 3.6
    23	0.0 3.6
    25	1.5 3.6
    27	0.5 3.6
    29	8.5 3.6
    31	0.0 3.6
    33	0.5 3.6
    35	7.0 3.6
    37	0.0 3.6
    39	12.0 3.6
    41	1.5 3.6
    43	1.0 3.6
    45	1.0 3.6
    47	1.0 3.6
    49	1.0 3.6
    51	2.5 3.6
    53	0.5 3.6
    55	1.5 3.6
    57	0.5 3.6
    59	1.0 3.6
    61	0.5 3.6
    63	1.0 3.6
    65	1.0 3.6
    67	0.5 3.6
    69	1.0 3.6
    71	0.5 3.6
    73	7.5 3.6
    75	0.5 3.6
    77	0.0 3.6
    79	4.0 3.6
    81	0.5 3.6
    83	1.0 3.6
    85	1.5 3.6
    87	1.5 3.6
    89	1.0 3.6
    91	1.0 3.6
    93	1.5 3.6
    95	1.5 3.6
    97	2.5 3.6
    99	1.0 3.6
   101	0.5 3.6
   103	1.0 3.6
   105	1.0 3.6
   107	0.5 3.6
   109	0.5 3.6
   111	1.0 3.6
   113	1.0 3.6
   115	0.0 3.6
   117	0.5 3.6
   119	1.0 3.6
   121	15.0 3.6
   123	0.5 3.6
   125	0.0 3.6
   127	2.5 3.6
   129	1.0 3.6
   131	0.5 3.6
   133	2.0 3.6
   135	1.0 3.6
   137	1.5 3.6
   139	1.0 3.6
   141	1.0 3.6
   143	2.5 3.6
   145	1.0 3.6
   147	2.0 3.6
   149	1.0 3.6
   151	0.5 3.6
   153	1.0 3.6
   155	1.0 3.6
   157	0.5 3.6
   159	0.5 3.6
   161	1.0 3.6
   163	1.0 3.6
   165	1.0 3.6
   167	0.0 3.6
   169	0.5 3.6
   171	1.5 3.6
   173	6.0 3.6
   175	0.0 3.6
   177	1.0 3.6
   179	3.0 3.6
   181	1.0 3.6
   183	0.0 3.6
   185	3.5 3.6
   187	0.0 3.6
   189	1.5 3.6
   191	1.5 3.6
   193	0.5 3.6
   195	2.5 3.6
   197	1.0 3.6
   199	1.0 3.6
   201	1.0 3.6
   203	1.5 3.6
   205	0.5 3.6
   207	0.5 3.6
   209	1.0 3.6
   211	0.5 3.6
   213	1.0 3.6
   215	0.5 3.6
   217	1.0 3.6
   219	1.0 3.6
   221	0.0 3.6
   223	0.5 3.6
   225	0.0 3.6
   227	0.0 3.6
   229	0.5 3.6
   231	0.0 3.6
   233	0.0 3.6
   235	0.0 3.6
   237	0.5 3.6
   239	0.5 3.6
   241	0.0 3.6
   243	0.5 3.6
   245	0.0 3.6
   247	0.0 3.6
   249	0.5 3.6
   251	0.0 3.6
   253	0.5 3.6
   255	0.0 3.6
   257	0.5 3.6
   259	0.0 3.6
   261	0.5 3.6
   263	0.0 3.6

